-0.293626773771
0.127181102981
0.199777384542
0.833507656044
0.379066353151
0.719094847169
1.01885937859
0.639042240113
1.04546961261
0.830492157321
1.00237994623
1.44060378645
0.774520347797
0.629661768357
1.26046167133
0.462221836951
0.497016721396
0.761260857933
0.123109689986
-0.320472995795
0.410425799542
0.351890030221
-0.104982475211
-0.286441100625
-0.551262643527
-0.761394589078
-0.943243184135
-1.00584852372
-0.286486212496
-1.33459587721
-0.462191523672
-1.1533196879
-1.19392843724
-0.562262042587
-0.699199516415
-0.696589308829
-0.405904254475
-0.855273117049
-0.0745414244138
0.0200581475063
-0.0467708446381
-0.279858901058
0.0927643234016
0.352955133241
0.911770283588
0.777293417507
0.893174160728
0.999893797456
0.739857767209
0.998753664438
0.0719224510187
1.04270795142
1.18253067281
1.32497173633
0.738004625757
0.69514793906
0.421460348557
0.709919425711
0.00667757398701
0.443955311259
0.170257756585
-0.396391305698
-0.366890069125
0.312451129626
-0.400185385182
-0.781673127927
-0.564896579855
-0.662099532656
-0.589779249331
-1.31358042362
-1.1517399283
-1.00556745311
-0.660101820913
-1.03034277024
-0.862081902411
-0.554334756086
-0.589435866129
-0.361489159876
-0.802215616024
-0.00194092563537
0.0732483786156
-0.0390821962166
0.487839713453
0.258993822952
0.130260530945
0.798465790039
0.355518160368
0.35203827683
0.606646356064
1.14450202035
1.24237268644
0.531981053444
0.77306082269
0.415226020289
0.816909461942
0.8036860207
0.446610515562
0.105579043597
-0.00512617833662
0.161945571855
0.374167117256
-0.0589673908621
-0.206887441316
-0.456060326868
-0.63777131412
-0.533252508996
-0.458724507034
-0.526748774942
-0.913770477584
-0.919451492713
-1.0891865295
-0.736245345974
-0.66817494187
-0.893360749578
-1.22172680464
-1.25548894084
-0.82266295712
-0.480980521127
-0.41361647731
-0.0414708832892
0.45566931472
0.435093553852
0.73942579237
0.330974399945
0.667917118626
0.675685149323
1.37988135078
1.27123500522
1.27417069691
1.2575222787
0.749328349723
1.0116335091
0.498308270016
1.05467740791
1.17058412735
0.806771973729
1.14170030241
0.641725552407
0.584031871148
-0.531918652512
0.25902022833
-0.65472713767
0.113360822273
-0.898993956202
-0.415155968242
-0.429177005398
-0.959299851919
-0.788376610919
-0.94101875335
-0.997978434818
-0.836176319739
-0.767601037229
-0.241932855131
-1.00504714037
-0.778357944049
-0.730201736019
-1.22245806309
-1.0067838292
-0.111879562039
0.233991891352
0.174529928542
-0.429470911575
0.355809015823
0.537948949964
0.782690610133
0.765246852054
1.0496083469
0.999716887457
0.931295977836
1.02579610841
0.932672415884
0.696986606465
1.04659638206
1.19209145709
0.505545896992
0.610176591762
0.212837454016
0.234040308996
0.925190208802
-0.467871146744
-0.150834662102
-0.277685260732
-0.171698896072
-0.515741008397
-0.43718297932
-0.669377833053
-1.05717993693
-0.8067378894
-1.17310195654
-1.34012950376
-1.58376340766
-0.840041916301
-1.23997860586
-0.96314898608
-0.735701160312
-0.928875289133
-0.888787775136
-1.01073764806
0.402559623403
0.211975446817
0.467811894996
0.0857121210582
0.65887353536
0.128776482753
-0.0323490039602
1.11386349933
0.0691517031902
0.824045952394
1.38246459695
1.20324739838
1.13315594355
1.1711612284
0.747416518679
0.669059065837
0.941888882793
0.916892937888
0.596843131578
0.586565111378
-0.261978011575
0.415802165783
0.151120311346
0.0896063703879
-0.220711251841
-0.645818785503
-0.708651183137
-0.971669587182
-1.16391592795
-0.663775703876
-1.07554780938
-0.644681813378
-1.63577246931
-1.16255730143
-1.03458366426
-0.974701067044
-0.0581199646971
-0.410282040653
-0.307534289388
-0.581654268787
-0.622126223526
-0.356322883086
-0.635198433709
-0.42536607955
0.274976097656
0.449429197507
0.595957704892
0.384222672302
0.904764872726
1.36601233627
1.066869432
1.15790512822
1.03618941481
1.04923388019
0.518198648397
0.650845651427
0.687508491761
0.386807010679
1.31203532766
0.423473186016
0.438139276938
0.128503540293
0.371655045231
0.0719951760461
-0.072720062101
-0.616185697743
-0.855695960309
-1.0826894929
-1.30006025489
-1.37798564236
-1.02147864343
-1.07382270738
-1.00574990548
-0.7985441878
-1.28956329724
-0.79960587068
-0.762746915937
-0.396226129983
-0.983029202353
-0.676084314032
-0.393575774831
0.363649447112
0.107101359225
0.431263886951
0.156239253417
0.215540747828
0.376969632898
0.810321445494
0.355682685758
0.978210342711
1.03838103196
0.429325645444
1.11278330028
1.17732726887
1.03667031973
0.126071656785
0.576879564316
-0.0419365107719
0.295664895421
0.220646465918
0.524851543035
-0.265844107615
-0.0141107450086
0.18905326258
-0.287751789501
0.0305120752261
-0.307852290532
-1.00472529964
-0.704145862773
-0.835631603655
-1.52012974203
-0.138589964597
-0.973459259167
-0.978108802155
-0.480632596415
-1.01930717829
-0.538226443771
-0.577621252517
-0.746691853609
-1.33312181732
-0.559933410588
0.113036200724
0.141949292819
-0.129340624211
0.988089809679
0.349080185572
0.649691980553
1.30256229306
0.517893212802
0.443700809215
1.23768427913
0.417756835883
0.592541080326
0.961663451612
1.00171901543
0.551413941345
0.653550279525
-0.275605707421
0.376856119047
0.708584393158
0.117185536147
0.795698612564
0.204398430146
0.435770680363
-0.53428037108
-0.621752349278
-0.969769706801
-0.419017920368
-0.738827809866
-1.23950005022
-1.09343996704
-0.845694064576
-1.06400513657
-1.45586409065
-1.42910739539
-1.18014424827
-0.798304198841
-0.981311547494
-0.814243895069
-0.22119297368
-0.443953531988
-0.436029820031
-0.208066292173
0.257409595819
0.365913122044
0.444010989355
1.04155109596
1.45626423415
1.10058591326
0.549240952342
1.110117544
0.961094655118
1.42434895836
0.607865664071
0.521662901739
0.724401744614
0.796747263198
0.653677301016
0.723629472919
0.478554832838
-0.230937449433
-0.215459975365
-0.0737974016075
-0.312944434456
-0.0149553982981
-0.92243905568
-0.524829312824
-0.933627239838
-0.641932784852
-0.872119734125
-0.626882599352
-0.806377443643
-0.844227123888
-1.52320575881
-0.622507404762
-0.473469009938
-0.337860711311
-0.620323697231
-0.591196135997
-0.545557998235
-0.213053067011
-0.421866122993
-0.226717719689
0.168365343693
0.682164331027
0.583291410045
0.668502094639
0.802019661869
0.701148250481
0.976877463621
1.59285697137
0.517989699736
1.14783435464
0.337371397306
1.20074056237
0.795630097869
0.647242150625
0.622044433219
0.560369057171
1.22689164823
0.265898709163
-0.591811273195
-0.0224368501703
-0.49512028075
-0.213132070726
-0.606288778672
-0.657391790988
-0.750448797543
-1.29053838171
-0.817374641359
-0.881295012707
-0.648462729867
-1.26062806092
-0.314267039088
-0.985266510083
-1.3522482938
-1.45711552482
-0.405948327246
-0.330799158053
-0.928530044674
-0.763769155729
-0.0200069174071
0.0289136366899
0.194834087044
-0.181767412869
0.215954913501
0.496990989429
0.199720010222
1.11872498848
1.0357830381
0.691212756175
0.799367482357
1.09149111972
0.631975907849
1.07221009122
1.21775105865
0.784619709167
1.5364118542
0.453030002997
0.390319707832
0.401597208424
0.0868315878413
-0.53959406835
0.138750142126
-0.948672625131
-0.696064559978
-0.388016868057
-0.724133037997
-0.333468735502
-1.13391532439
-0.220119621344
-1.01305470543
-1.36645695042
-1.03086286738
-0.4716450712
-0.951240565227
-1.32793219939
-0.56822060072
-0.543859414809
-0.829469538826
0.0219269876883
0.0380475921926
-0.259137503263
0.182879133991
-0.223559515262
0.557668316821
0.0813077085087
1.19678590413
0.751372981648
0.210182685775
0.895409619487
1.0353527512
1.07514772668
0.628826712639
0.966406002514
0.536808326804
1.35395280322
0.746383739155
0.559612094498
0.295902253335
0.666860828544
0.470356951811
-0.160002527589